157
158
162
161
152
151
153
163
89
87
88
86
87
89
89
86
86
87
88
88
88
87
90
89
89
89
89
87
89
87
88
89
87
91
87
88
89
89
88
93
91
93
92
93
96
93
91
91
92
94
93
94
93
93
93
93
92
93
91
93
94
93
93
95
94
93
94
94
95
93
91
94
95
94
94
94
95
92
95
96
96
95
93
96
95
96
94
96
97
89
90
88
89
89
85
86
87
88
87
87
87
87
85
87
87
89
88
85
89
85
85
88
86
86
85
88
87
87
86
87
88
87
87
88
89
89
91
89
93
90
89
89
90
89
92
91
91
91
90
91
90
89
90
87
91
89
88
86
88
90
90
88
88
91
88
87
86
90
89
87
87
85
87
86
85
89
85
88
86
90
93
92
88
89
92
88
90
89
91
91
93
91
88
88
87
86
86
87
93
100
95
100
98
96
98
93
93
97
96
100
100
99
95
86
85
88
88
94
85
85
86
156
94
95
94
95
98
94
97
94
104
100
97
95
96
96
94
96
96
95
96
99
105
100
102
95
98
98
94
102
99
101
100
98
105
96
97
103
100
97
94
94
97
97
93
94
95
97
96
99
100
100
100
98
96
100
